1000
1091 1723
-1896 -1853
872 -1290
1563 -1268
30 -963
-798 -1434
-709 1455
-1132 -596
1861 -947
1692 903
-1573 512
-6 -564
926 1135
1978 -1933
990 -1094
254 429
1665 -403
1061 -1101
-305 1738
-1210 -1792
1969 1177
-159 -1315
562 -103
1425 631
-1111 -822
-1818 -691
-109 -1281
1204 657
597 1265
1015 -1861
-159 912
-895 -1838
217 -1501
-1113 -954
-1574 -1282
576 1638
166 1225
472 870
-1166 -1336
1412 -315
-686 -338
1188 -41
-1230 -1434
-1659 143
-15 268
-1803 341
1838 -410
1698 -1630
-756 327
245 1855
-1096 179
330 -507
-260 -1454
-1634 -302
-158 1316
-1809 -393
1733 1702
-1534 684
186 -506
843 -1474
836 1607
-1157 843
397 967
-60 1379
-1650 -449
1076 -287
-829 -1390
-1443 -56
206 -1079
-923 1460
720 -376
-804 -1697
-361 455
-415 1417
354 -812
-1820 886
-772 1542
-1451 1411
1282 -1835
-171 -835
1564 1454
492 1580
333 -1684
-1433 358
-354 1844
-1330 -1328
1887 -213
-468 437
385 1840
-1082 1120
807 -1846
-382 791
-1079 -1351
1503 423
-1205 1707
1237 -1706
-567 1816
1544 338
-1036 954
-1723 1232
506 -525
-207 1730
-1461 -532
-1167 1996
782 729
386 -1803
-1783 -519
-1922 -1230
342 -1646
52 -192
430 -781
812 -1556
-127 1391
-88 -364
-1739 1020
-1115 1918
-96 1092
1795 1887
-1786 460
-472 1999
-1556 1990
137 1376
1222 -1684
387 858
-1514 1346
1814 266
-322 1549
1352 -1820
-1489 -1679
-1419 -1986
725 1566
-1405 1940
-629 337
355 -1278
-1073 890
-535 587
-1665 -254
-1818 -546
-890 323
1115 667
-278 1291
-1104 -832
1319 -241
1349 178
1840 271
1825 -929
1237 1867
-349 -1298
1316 -1636
41 -831
459 1560
563 660
1727 954
30 223
512 -256
-1021 -905
1532 445
64 -435
-1112 1782
1406 -1162
834 -36
80 -1048
-268 -580
1553 446
1180 312
809 -489
1709 724
-1819 -1166
-1892 1308
-132 1107
-943 -429
467 679
244 1413
523 1295
908 376
1301 -1773
1774 -644
1366 -1422
-1761 -611
909 539
-1587 348
-289 -1810
1560 -446
-1957 -847
208 1395
-1889 149
36 -350
1917 72
32 361
899 -945
-1799 1009
-1701 396
-218 -69
-873 -1704
-1002 -927
-1776 1971
1557 54
1805 -213
660 -1541
-510 1943
206 111
-1096 1896
-1587 1761
-1659 1034
1718 -1955
1658 1321
-1294 -825
350 -343
-545 1641
412 1277
-1210 -1454
-247 886
-1630 386
-767 -1359
541 -1680
-1211 1763
-1706 -690
278 68
-709 -1952
1369 -456
1725 -162
-675 1158
645 942
682 -517
-512 -1606
1187 -1825
364 -1100
-252 -1633
195 1159
708 -1123
1643 -109
1169 -433
-882 1711
1568 -1977
-1251 1788
-766 -1555
1348 -1125
-1835 -263
-1984 399
1386 1924
-1649 83
223 -519
-1036 356
1226 960
-1105 1851
-1298 -1528
-1047 1905
-903 137
-1365 1912
1154 -176
1887 1801
-1022 -995
-1959 -1040
-1490 291
82 -1004
-1659 -1871
-1870 -153
-1024 1167
-867 1746
812 1175
1969 -1429
1147 1724
-1402 -328
-876 1460
-1862 160
-1443 -890
-236 -1563
1640 1772
-782 -783
62 227
-1941 1961
-1038 873
1179 1378
461 -759
1847 -1541
842 632
-690 153
-892 972
1427 710
-200 -1948
1452 973
547 1458
1920 -45
115 -1397
630 -1153
532 886
1606 693
-153 1459
-1539 -655
463 -1954
558 1648
35 1595
198 -1100
-117 1292
-1674 -13
-891 1724
1810 -1038
547 315
-127 -302
407 261
-1740 913
-734 1003
320 231
-1649 -240
542 -1827
-836 -424
-91 -923
-1420 199
-1835 -1970
-1624 1415
28 378
1422 1342
125 -1382
1646 -131
1398 -1231
615 432
-777 1487
-660 -1372
451 196
-341 1672
-1616 187
-1903 -1828
145 -758
-509 -1360
-540 811
-212 -701
1223 -1825
-227 1699
-450 -576
1292 -1406
-129 -14
-787 -1219
807 15
-916 -1722
1045 -636
-257 -1294
1505 265
-1288 -1787
-302 515
-967 -1596
-455 308
-1758 -1325
-1673 -671
1506 -1882
624 1241
-1960 -556
-628 86
24 -275
452 -1572
-1268 -1240
1866 8
1595 1580
1289 -584
-524 999
-1029 -1056
561 1442
1466 -67
1455 1629
1542 -345
-1249 1099
-1010 887
1512 -1237
1113 334
689 -485
1545 -320
-1305 5
593 1976
229 -967
-106 -340
100 369
-430 -1203
509 823
53 -281
-1870 -203
-1415 -653
656 -1240
1694 28
-1911 1343
1968 669
330 -20
-850 510
941 205
583 -9
-388 1923
-558 -562
962 -732
-1840 -1229
793 -1903
1436 446
-1995 -928
352 1871
859 -302
1061 -69
1485 -928
1899 1828
435 1245
-843 -1552
-1001 -1254
-1281 228
1001 428
-506 824
580 268
-815 573
778 -497
-1709 -1393
-1243 71
-299 722
-1505 37
379 859
-937 -388
-1057 626
10 -1753
1529 1517
590 -1380
1655 -1364
1062 1885
523 340
-533 -851
381 -1790
-1287 579
-1606 1829
253 -132
-539 -658
1082 976
-1982 479
869 -1152
-266 -1937
-1764 -1786
1825 -656
-1314 1091
-1117 -592
-1059 146
736 -845
-831 -1524
1700 -933
-232 1002
-1585 1868
-378 -849
977 -917
-1653 -1871
-681 -1711
-1276 1319
-1287 702
-1619 -1960
614 1832
-95 1394
627 -277
557 -743
167 -1818
-1344 -196
1818 -110
-734 -446
843 1551
-4 1854
-1154 1916
-1559 -1139
1156 -524
-626 -1456
-448 42
-589 476
950 -759
1464 650
-1125 635
95 -815
-1867 -334
1937 295
-802 -629
-743 13
-996 11
971 1532
1935 14
440 -1614
117 -1116
-218 355
-1487 886
1061 213
-1561 1554
1794 566
323 1689
1005 987
-1563 889
1380 -458
-1380 150
-1261 -1633
918 1073
-1928 485
-54 640
-380 -1661
-1413 853
-385 996
1248 351
-1777 -870
1121 1933
-311 -1304
-304 1030
-1165 -1003
1231 -1976
1563 699
-1078 386
-1014 -1147
1598 -1217
1073 -1793
-282 -1603
-1324 1320
507 171
958 -1729
-828 1171
1049 -727
1756 1869
811 -597
-147 1470
952 1811
-559 -461
-441 -238
658 1873
1876 -1256
742 -738
-1871 1624
-1038 1863
-1738 -985
-1997 -498
1554 555
459 1365
-1411 3
749 1723
-1126 746
1784 823
-1361 694
1920 1390
-630 358
581 1653
561 159
329 1857
1608 1483
1545 70
-437 -433
-1069 -180
-487 1199
1076 -1243
302 1699
1855 1591
-897 -1931
940 -1294
430 1358
-1360 -1031
611 1420
967 -1268
1841 822
1313 -255
1467 1291
1005 -27
-1372 -1453
1154 -1658
-700 -249
1572 -1551
-1095 -1100
-1914 1755
-663 1751
-508 1655
1110 637
1489 301
-30 -1761
1756 -429
93 146
1077 1465
1313 -41
-1116 -1492
1735 -1462
-235 418
632 -1473
-1675 1160
-1776 1625
1857 1154
-1389 -1356
-749 1794
-1961 1414
-1463 -1792
-678 -1633
-130 1867
1207 -1645
-643 -651
1389 1772
318 568
500 -547
-67 -240
1820 -1622
1802 -1878
1733 1074
1719 456
158 -368
1782 -140
1895 259
1985 1203
984 -1554
1792 -284
-442 1439
98 197
1989 81
-592 536
-1609 590
1190 -853
-70 1756
-1595 -1103
-59 -445
1647 1190
-1132 285
1064 -1151
413 1871
-1800 -1019
1284 266
-1249 -758
1715 330
-1117 1628
-1766 1630
143 590
702 590
-61 126
-794 -1011
-926 924
584 -501
-1838 -1328
1625 -1289
-45 -775
1813 -1508
-579 -1692
-577 489
1770 -1593
-368 -1354
-1587 -938
761 -1226
17 -938
-1058 712
973 1022
289 -1500
930 -985
169 720
1639 1053
-889 -1500
-332 379
-1441 -1888
484 1501
-1253 1556
1990 1400
1696 -830
-841 1865
-1443 -450
787 -442
681 -1850
-854 1684
-489 1076
67 -1751
-1184 103
-753 527
1956 -982
-46 -1547
-97 358
-1969 -620
-554 -684
1639 -493
-864 -1410
-733 695
533 -1074
-1844 295
143 -1324
976 1483
748 258
480 -1670
-839 -642
-1432 1336
754 -1083
1016 1269
945 1934
-528 1531
1539 408
1328 -29
-136 -1651
1327 -623
-1847 851
1180 -1723
-1052 -1547
-995 -952
-1463 1876
-9 -938
-617 1943
48 1940
-33 313
-348 1685
-833 56
-1829 1855
1225 -1109
-1054 -59
1797 1617
1828 -9
267 1547
404 -989
-1053 1559
-1581 -1735
-1339 1524
-178 -772
699 -209
-1882 26
-708 -218
-1523 -492
-1030 -1776
1674 751
173 43
1694 380
-1856 1173
1930 435
1726 540
-50 -424
-844 1360
-1507 908
1487 1926
-1587 -1239
-1939 -1131
-1418 -281
-659 -1100
-1709 802
-1319 1108
1510 -1791
-1976 590
-1575 1166
785 -815
1257 496
557 -426
1723 -130
1791 825
-1764 -1206
948 -646
92 -1730
1959 -1135
868 -1904
-1284 -334
-674 -1609
1472 -290
-1872 -1856
223 335
-1588 -808
267 -1509
-1041 -1619
1892 737
1159 -942
-1000 1133
-566 -1351
-1238 1449
467 169
470 1007
965 -1010
-869 -757
327 -1218
933 1306
399 -386
99 1888
949 1822
848 -1469
274 1241
-121 377
-688 1704
-1998 10
84 -325
480 1352
1625 831
1163 780
249 1529
1712 1686
1179 -211
163 1549
1931 -127
-1231 -1155
1078 1266
-1949 -1707
1938 -1271
-69 -229
-1968 -1012
2 1173
835 -386
1548 -1701
1049 1736
-1221 1737
1679 -1752
1199 -463
1925 181
1004 139
-1015 274
977 -1182
-1985 -1401
1435 1434
-168 1338
1639 483
935 1769
-1080 -1577
739 1411
1474 -1256
451 1665
-22 929
1331 -209
-918 1043
-1837 -375
-518 -1034
-752 1574
1442 -485
-1978 -1851
-1383 -577
-732 -1983
320 181
979 1757
-1576 -425
583 1683
208 1138
650 253
1695 -1498
-919 -782
868 1874
895 -376
449 -157
1031 1394
-1697 -72
-1224 1666
-150 -819
1910 403
741 342
-745 -993
-799 -213
1177 -1383
-806 1439
1894 1621
1212 -1579
-1952 -1192
-518 932
840 1525
-1925 -1179
-514 789
1320 620
-706 -315
1843 -1288
1731 -681
-1004 1745
-1037 1718
-1575 742
-210 -1919
-618 -1318
1553 -1197
1395 -133
801 1296
-997 -712
-803 237
1380 -1590
1900 308
-1935 -713
842 -947
1053 1634
-1705 491
-1370 1591
-1978 616
36 1272
516 -535
-539 1983
1110 145
-611 -1251
-589 1837
-1751 -699
145 -1881
-1871 731
-1986 -1907
-712 -1486
-9 1254
-373 1195
1897 1258
886 -170
-1161 259
669 1289
1385 1455
-1589 -1140
-402 -1117
-1787 1369
-290 -1754
-1781 -613
-1989 -500
1688 289
257 729
520 687
-577 -1329
707 1344
1634 -590
-250 1093
-1806 1461
1311 359
528 -790
-1483 1021
-1511 1692
-1535 639
-148 319
-55 -911
374 472
1003 1712
101 -1419
-1354 1370
-446 -565
1391 -1954
-834 497
-951 1048
-1200 -890
948 -297
940 -1228
1004 -1782
-849 -1244
-893 400
-1378 32
-190 1374
1050 1197
1732 -1130
-1559 1102
-101 809
-1547 -1595
1805 1881
-463 100
-107 1483
-1683 -1399
940 -157
-1177 -292
-1896 -1414
-440 -386
-675 -1783
-150 -581
-1239 -893
-1819 -335
-655 1004
1487 -192
-850 -1660
-688 1542
-195 -1018
-3 1518
1705 572
-599 442
618 1971
-1567 1301
-870 -1286
-555 -1758
376 1078
463 -1372
-240 981
-633 1577
-253 -1570
-65 -427
1155 1954
1460 -1766
1285 272
-380 358
1361 765
481 -583
-1204 -988
1958 -963
270 467
619 -1786
-867 -225
-1285 561
1521 -1396
1439 392
1529 -670
-1261 1595
208 -1646
-992 -1184
-1263 384
-1107 -257
-1551 -1074
267 -1573
-1911 -326
-1113 -130
1824 -1470
-1174 1904
-763 -1303
487 131
1138 -1251
1995 -1588
1742 -546
1043 -840
-1009 393
-100 207
904 152
-201 308
-148 -963
451 1241
783 1039
931 1389
1668 -1266
1526 -54
348 774
-72 -1968
1055 583
-1691 -1255
-577 -1847
709 982
566 -375
1131 -18
1728 -405
-791 -588
-777 -1185
-81 -439
1366 -1675
